2,0.010000000707805157 0.06400000303983688 0.012000000104308128 0.31200000643730164 0.02200000174343586 0.04800000041723251 0.29200002551078796 0.052000001072883606 0.14000000059604645 0.04800000041723251 
2,0.1600000113248825 0.046000003814697266 0.14800000190734863 0.11800000816583633 0.024000000208616257 0.05000000074505806 0.15800000727176666 0.11000000685453415 0.09400000423192978 0.09200000762939453 
2,0.012000000104308128 0.05400000140070915 0.014000000432133675 0.23000000417232513 0.07600000500679016 0.09200000762939453 0.25 0.09200000762939453 0.07000000029802322 0.11000000685453415 
2,0.14005602896213531 0.053221289068460464 0.12324929982423782 0.10644257813692093 0.042016807943582535 0.10084033757448196 0.13725490868091583 0.05882352963089943 0.13725490868091583 0.10084033757448196 
2,0.09181636571884155 0.03393213450908661 0.05189620703458786 0.06187624856829643 0.10179640352725983 0.28742516040802 0.07784431427717209 0.07784431427717209 0.17165668308734894 0.04391217604279518 
2,0.058000002056360245 0.10600000619888306 0.020000001415610313 0.09600000083446503 0.11400000751018524 0.30800002813339233 0.24400001764297485 0.006000000052154064 0.036000002175569534 0.012000000104308128 
2,0.0359281450510025 0.07984031736850739 0.0379241518676281 0.053892213851213455 0.009980039671063423 0.041916169226169586 0.10179640352725983 0.27345308661460876 0.03393213450908661 0.3313373327255249 
2,0.15968063473701477 0.045908182859420776 0.12175648659467697 0.1117764487862587 0.0379241518676281 0.06786426901817322 0.14171656966209412 0.053892213851213455 0.16167664527893066 0.09780438989400864 
2,0.1456310749053955 0.009708737954497337 0.12621359527111053 0.20388349890708923 0.009708737954497337 0.009708737954497337 0.2233009785413742 0.12621359527111053 0.048543691635131836 0.09708738327026367 
2,0.01796407252550125 0.06586826592683792 0.027944112196564674 0.1117764487862587 0.1497005969285965 0.2654690742492676 0.16566866636276245 0.04391217604279518 0.113772451877594 0.0379241518676281 
2,0.0020000000949949026 0.01600000075995922 0.0 0.09600000083446503 0.10200000554323196 0.5800000429153442 0.09800000488758087 0.036000002175569534 0.02200000174343586 0.04800000041723251 
2,0.004000000189989805 0.07800000160932541 0.01600000075995922 0.11800000816583633 0.03800000250339508 0.13600000739097595 0.15600000321865082 0.08800000697374344 0.25600001215934753 0.11000000685453415 
2,0.052000001072883606 0.08000000566244125 0.08800000697374344 0.16200000047683716 0.04200000315904617 0.14400000870227814 0.3320000171661377 0.03400000184774399 0.018000001087784767 0.04800000041723251 
2,0.4161073863506317 0.020134229212999344 0.2863534688949585 0.06263981759548187 0.020134229212999344 0.02684563770890236 0.04921700060367584 0.044742729514837265 0.031319908797740936 0.04250559210777283 
2,0.012000000104308128 0.1080000028014183 0.010000000707805157 0.10400000214576721 0.04800000041723251 0.09000000357627869 0.1980000138282776 0.11000000685453415 0.164000004529953 0.15600000321865082 
2,0.0860000029206276 0.11000000685453415 0.08800000697374344 0.1600000113248825 0.014000000432133675 0.06800000369548798 0.21400001645088196 0.08800000697374344 0.05400000140070915 0.11800000816583633 
2,0.257485032081604 0.027944112196564674 0.17365269362926483 0.071856290102005 0.09381237626075745 0.12175648659467697 0.06586826592683792 0.05189620703458786 0.06586826592683792 0.06986027956008911 
2,0.1428571492433548 0.06709956377744675 0.095238097012043 0.12987013161182404 0.034632034599781036 0.10173159837722778 0.16450215876102448 0.095238097012043 0.05627705529332161 0.11255411058664322 
2,0.04400000348687172 0.03800000250339508 0.05400000140070915 0.08400000631809235 0.006000000052154064 0.06000000238418579 0.07800000160932541 0.13199999928474426 0.39000001549720764 0.11400000751018524 
2,0.14824120700359344 0.030150752514600754 0.06532663106918335 0.10804019868373871 0.0075376881286501884 0.1683417111635208 0.16331657767295837 0.10301507264375687 0.06783919781446457 0.13819095492362976 
2,0.32200002670288086 0.024000000208616257 0.36000001430511475 0.04800000041723251 0.014000000432133675 0.04400000348687172 0.06000000238418579 0.046000003814697266 0.04400000348687172 0.03800000250339508 
2,0.23153692483901978 0.08582834154367447 0.12974052131175995 0.12574850022792816 0.015968063846230507 0.053892213851213455 0.10778442770242691 0.08582834154367447 0.07984031736850739 0.08383233845233917 
2,0.010000000707805157 0.12000000476837158 0.004000000189989805 0.07400000095367432 0.010000000707805157 0.014000000432133675 0.14000000059604645 0.1720000058412552 0.19200000166893005 0.2639999985694885 
2,0.09429824352264404 0.05482456088066101 0.0833333358168602 0.11622807383537292 0.06798245757818222 0.13596491515636444 0.13596491515636444 0.07017543911933899 0.15570175647735596 0.08552631735801697 
2,0.27272725105285645 0.0717703327536583 0.11961722373962402 0.12918660044670105 0.019138755276799202 0.04784688726067543 0.15311004221439362 0.057416267693042755 0.057416267693042755 0.0717703327536583 
2,0.0 0.15000000596046448 0.010000000707805157 0.20400001108646393 0.04800000041723251 0.09200000762939453 0.24000000953674316 0.09600000083446503 0.024000000208616257 0.13600000739097595 
2,0.014000000432133675 0.10400000214576721 0.05000000074505806 0.07600000500679016 0.00800000037997961 0.024000000208616257 0.12600000202655792 0.23400001227855682 0.03200000151991844 0.3320000171661377 
2,0.1300000101327896 0.03200000151991844 0.2600000202655792 0.07400000095367432 0.018000001087784767 0.07000000029802322 0.06400000303983688 0.08000000566244125 0.1720000058412552 0.10000000149011612 
2,0.17000000178813934 0.04800000041723251 0.12600000202655792 0.10600000619888306 0.010000000707805157 0.030000001192092896 0.17800000309944153 0.13199999928474426 0.06599999964237213 0.1340000033378601 
2,0.18800000846385956 0.06800000369548798 0.1680000126361847 0.08400000631809235 0.03800000250339508 0.14600001275539398 0.07600000500679016 0.052000001072883606 0.12800000607967377 0.052000001072883606 
2,0.164000004529953 0.04000000283122063 0.14600001275539398 0.13600000739097595 0.052000001072883606 0.12400000542402267 0.14000000059604645 0.06200000271201134 0.06400000303983688 0.07200000435113907 
2,0.25600001215934753 0.04800000041723251 0.15600000321865082 0.08000000566244125 0.058000002056360245 0.08400000631809235 0.11400000751018524 0.08400000631809235 0.02800000086426735 0.09200000762939453 
2,0.006000000052154064 0.046000003814697266 0.010000000707805157 0.07600000500679016 0.030000001192092896 0.06000000238418579 0.12800000607967377 0.19600000977516174 0.23600001633167267 0.2120000123977661 
2,0.16600000858306885 0.06200000271201134 0.15000000596046448 0.11800000816583633 0.0560000017285347 0.11400000751018524 0.15400001406669617 0.04200000315904617 0.08000000566244125 0.058000002056360245 
2,0.12600000202655792 0.0560000017285347 0.14800000190734863 0.1120000034570694 0.046000003814697266 0.1120000034570694 0.1120000034570694 0.10400000214576721 0.08800000697374344 0.09600000083446503 
2,0.08800000697374344 0.14800000190734863 0.052000001072883606 0.18000000715255737 0.07600000500679016 0.09200000762939453 0.23600001633167267 0.03800000250339508 0.03200000151991844 0.058000002056360245 
3,0.052000001072883606 0.02800000086426735 0.06800000369548798 0.06599999964237213 0.03400000184774399 0.27400001883506775 0.10600000619888306 0.07600000500679016 0.20400001108646393 0.09200000762939453 
3,0.164000004529953 0.03400000184774399 0.0 0.07000000029802322 0.13199999928474426 0.3660000264644623 0.08800000697374344 0.05000000074505806 0.012000000104308128 0.08400000631809235 
3,0.13199999928474426 0.07000000029802322 0.08000000566244125 0.0820000022649765 0.06000000238418579 0.0820000022649765 0.13199999928474426 0.11400000751018524 0.11000000685453415 0.1380000114440918 
3,0.012000000104308128 0.06599999964237213 0.08800000697374344 0.14400000870227814 0.04800000041723251 0.0860000029206276 0.2600000202655792 0.08400000631809235 0.10200000554323196 0.11000000685453415 
3,0.05189620703458786 0.06187624856829643 0.03393213450908661 0.19960080087184906 0.02994011901319027 0.13572853803634644 0.19560877978801727 0.11776447296142578 0.031936127692461014 0.14171656966209412 
3,0.36616700887680054 0.027837257832288742 0.11349036544561386 0.055674515664577484 0.07494646310806274 0.0963597446680069 0.05781584605574608 0.06852248311042786 0.06638115644454956 0.07280513644218445 
3,0.06786426901817322 0.015968063846230507 0.06586826592683792 0.05588822439312935 0.13373252749443054 0.4111776351928711 0.07984031736850739 0.057884231209754944 0.03393213450908661 0.07784431427717209 
3,0.09800000488758087 0.06000000238418579 0.004000000189989805 0.18400001525878906 0.04000000283122063 0.15200001001358032 0.2900000214576721 0.06400000303983688 0.03800000250339508 0.07000000029802322 
3,0.15000000596046448 0.1080000028014183 0.03400000184774399 0.11000000685453415 0.018000001087784767 0.09200000762939453 0.2160000056028366 0.07200000435113907 0.08800000697374344 0.1120000034570694 
3,0.13173653185367584 0.019960079342126846 0.12175648659467697 0.09780438989400864 0.09181636571884155 0.12175648659467697 0.08183632791042328 0.11976047605276108 0.10179640352725983 0.1117764487862587 
3,0.11600000411272049 0.06400000303983688 0.046000003814697266 0.14600001275539398 0.10000000149011612 0.1600000113248825 0.19200000166893005 0.07000000029802322 0.01600000075995922 0.09000000357627869 
3,0.00800000037997961 0.00800000037997961 0.0020000000949949026 0.04000000283122063 0.004000000189989805 0.08000000566244125 0.8540000319480896 0.0020000000949949026 0.0020000000949949026 0.0 
3,0.02800000086426735 0.06800000369548798 0.12800000607967377 0.11400000751018524 0.10000000149011612 0.19200000166893005 0.12800000607967377 0.030000001192092896 0.15800000727176666 0.05400000140070915 
3,0.16167664527893066 0.057884231209754944 0.09580838680267334 0.14171656966209412 0.019960079342126846 0.045908182859420776 0.1497005969285965 0.10578842461109161 0.12774451076984406 0.09381237626075745 
3,0.20159681141376495 0.045908182859420776 0.15568862855434418 0.11776447296142578 0.06387225538492203 0.0738522931933403 0.12974052131175995 0.0758483037352562 0.05988023802638054 0.0758483037352562 
3,0.024000000208616257 0.09800000488758087 0.0 0.1120000034570694 0.046000003814697266 0.07600000500679016 0.14400000870227814 0.164000004529953 0.13199999928474426 0.20400001108646393 
3,0.06000000238418579 0.08400000631809235 0.09400000423192978 0.0560000017285347 0.04200000315904617 0.03800000250339508 0.07400000095367432 0.15800000727176666 0.21800000965595245 0.17600001394748688 
3,0.052000001072883606 0.07600000500679016 0.09400000423192978 0.15400001406669617 0.046000003814697266 0.058000002056360245 0.15400001406669617 0.14000000059604645 0.08400000631809235 0.1420000046491623 
3,0.12800000607967377 0.10400000214576721 0.14600001275539398 0.1340000033378601 0.03400000184774399 0.030000001192092896 0.17000000178813934 0.09800000488758087 0.07200000435113907 0.08400000631809235 
3,0.04000000283122063 0.07000000029802322 0.020000001415610313 0.09600000083446503 0.09800000488758087 0.3100000023841858 0.12800000607967377 0.08000000566244125 0.06200000271201134 0.09600000083446503 
3,0.12600000202655792 0.030000001192092896 0.08800000697374344 0.12800000607967377 0.03400000184774399 0.08000000566244125 0.21400001645088196 0.12600000202655792 0.05000000074505806 0.12400000542402267 
3,0.11000000685453415 0.06800000369548798 0.07800000160932541 0.10400000214576721 0.08400000631809235 0.0820000022649765 0.10000000149011612 0.13199999928474426 0.10200000554323196 0.14000000059604645 
3,0.2120000123977661 0.03400000184774399 0.2720000147819519 0.10400000214576721 0.024000000208616257 0.05000000074505806 0.11000000685453415 0.07000000029802322 0.06200000271201134 0.06200000271201134 
3,0.05400000140070915 0.058000002056360245 0.012000000104308128 0.09200000762939453 0.10600000619888306 0.19600000977516174 0.11800000816583633 0.09200000762939453 0.1940000057220459 0.07800000160932541 
3,0.14122137427330017 0.03435114398598671 0.2748091518878937 0.1221374049782753 0.0 0.02671755664050579 0.09541984647512436 0.11450381577014923 0.05343511328101158 0.13740457594394684 
3,0.14000000059604645 0.04800000041723251 0.07400000095367432 0.1120000034570694 0.02800000086426735 0.09200000762939453 0.10000000149011612 0.12200000882148743 0.1340000033378601 0.15000000596046448 
3,0.014000000432133675 0.03200000151991844 0.006000000052154064 0.1300000101327896 0.06599999964237213 0.1940000057220459 0.14400000870227814 0.11800000816583633 0.1720000058412552 0.12400000542402267 
