5,0.0020000000949949026 0.04800000041723251 0.0 0.1420000046491623 0.242000013589859 0.13199999928474426 0.12600000202655792 0.07800000160932541 0.12600000202655792 0.10400000214576721 
5,0.0758483037352562 0.0758483037352562 0.06387225538492203 0.14171656966209412 0.0359281450510025 0.1097804382443428 0.1876247525215149 0.08782435208559036 0.10179640352725983 0.11976047605276108 
5,0.1300000101327896 0.0820000022649765 0.08400000631809235 0.08000000566244125 0.08800000697374344 0.17400000989437103 0.12400000542402267 0.09000000357627869 0.06800000369548798 0.08000000566244125 
5,0.3523809611797333 0.0 0.18571428954601288 0.01428571529686451 0.11428572237491608 0.13333334028720856 0.004761904943734407 0.01428571529686451 0.16190476715564728 0.01904761977493763 
5,0.01600000075995922 0.01600000075995922 0.5980000495910645 0.07200000435113907 0.012000000104308128 0.05400000140070915 0.0820000022649765 0.018000001087784767 0.09200000762939453 0.04000000283122063 
5,0.0 0.09381237626075745 0.0 0.113772451877594 0.005988024175167084 0.0019960079807788134 0.113772451877594 0.2954091727733612 0.03992015868425369 0.3353293538093567 
5,0.030000001192092896 0.046000003814697266 0.030000001192092896 0.15000000596046448 0.05000000074505806 0.18800000846385956 0.17600001394748688 0.08000000566244125 0.16200000047683716 0.08800000697374344 
5,0.07288630306720734 0.03790087625384331 0.3265306353569031 0.09620991349220276 0.04373177886009216 0.13411079347133636 0.21282799541950226 0.017492711544036865 0.03206997364759445 0.026239067316055298 
5,0.0020000000949949026 0.03800000250339508 0.014000000432133675 0.3580000102519989 0.004000000189989805 0.15000000596046448 0.3020000159740448 0.012000000104308128 0.10400000214576721 0.01600000075995922 
5,0.13600000739097595 0.018000001087784767 0.07000000029802322 0.030000001192092896 0.3060000240802765 0.18000000715255737 0.04400000348687172 0.04800000041723251 0.11400000751018524 0.05400000140070915 
5,0.12400000542402267 0.07200000435113907 0.13600000739097595 0.11600000411272049 0.03200000151991844 0.046000003814697266 0.1680000126361847 0.11600000411272049 0.06800000369548798 0.12200000882148743 
5,0.04000000283122063 0.15800000727176666 0.046000003814697266 0.14000000059604645 0.07600000500679016 0.13199999928474426 0.22800001502037048 0.046000003814697266 0.0560000017285347 0.07800000160932541 
5,0.01600000075995922 0.058000002056360245 0.020000001415610313 0.15200001001358032 0.010000000707805157 0.07400000095367432 0.19600000977516174 0.11800000816583633 0.1940000057220459 0.16200000047683716 
5,0.004000000189989805 0.05000000074505806 0.020000001415610313 0.09800000488758087 0.02800000086426735 0.0820000022649765 0.14800000190734863 0.09200000762939453 0.35600000619888306 0.12200000882148743 
5,0.1860000044107437 0.036000002175569534 0.08400000631809235 0.07000000029802322 0.12200000882148743 0.1940000057220459 0.06400000303983688 0.06800000369548798 0.0860000029206276 0.09000000357627869 
5,0.004000000189989805 0.030000001192092896 0.0 0.06599999964237213 0.1860000044107437 0.15200001001358032 0.07400000095367432 0.16200000047683716 0.1600000113248825 0.16600000858306885 
5,0.18215613067150116 0.1338289976119995 0.17100371420383453 0.11152416467666626 0.044609665870666504 0.07434944063425064 0.1672862470149994 0.04089219123125076 0.01858736015856266 0.05576208233833313 
1,0.1720000058412552 0.05000000074505806 0.17600001394748688 0.08800000697374344 0.0820000022649765 0.10200000554323196 0.09400000423192978 0.06200000271201134 0.07400000095367432 0.10000000149011612 
1,0.1720000058412552 0.052000001072883606 0.10400000214576721 0.09200000762939453 0.0820000022649765 0.1340000033378601 0.09800000488758087 0.08400000631809235 0.07800000160932541 0.10400000214576721 
1,0.024000000208616257 0.0820000022649765 0.006000000052154064 0.12400000542402267 0.08800000697374344 0.3500000238418579 0.1900000125169754 0.02200000174343586 0.06200000271201134 0.052000001072883606 
1,0.1120000034570694 0.05000000074505806 0.2240000069141388 0.07600000500679016 0.052000001072883606 0.1380000114440918 0.12200000882148743 0.06200000271201134 0.10200000554323196 0.06200000271201134 
1,0.21800000965595245 0.030000001192092896 0.1860000044107437 0.09400000423192978 0.04800000041723251 0.11000000685453415 0.09000000357627869 0.06800000369548798 0.0860000029206276 0.07000000029802322 
1,0.23752495646476746 0.045908182859420776 0.24151696264743805 0.053892213851213455 0.03992015868425369 0.06586826592683792 0.06187624856829643 0.071856290102005 0.12974052131175995 0.05189620703458786 
1,0.0020000000949949026 0.01600000075995922 0.04400000348687172 0.03800000250339508 0.018000001087784767 0.11400000751018524 0.03800000250339508 0.04400000348687172 0.6360000371932983 0.05000000074505806 
1,0.06382978707551956 0.1914893537759781 0.042553190141916275 0.042553190141916275 0.10638297349214554 0.08510638028383255 0.3191489279270172 0.021276595070958138 0.10638297349214554 0.021276595070958138 
1,0.1900000125169754 0.06800000369548798 0.0820000022649765 0.1120000034570694 0.10000000149011612 0.1600000113248825 0.10200000554323196 0.06800000369548798 0.06200000271201134 0.0560000017285347 
1,0.0860000029206276 0.06200000271201134 0.164000004529953 0.13199999928474426 0.018000001087784767 0.05000000074505806 0.1680000126361847 0.09600000083446503 0.11400000751018524 0.11000000685453415 
1,0.29600000381469727 0.020000001415610313 0.1080000028014183 0.07600000500679016 0.10000000149011612 0.0860000029206276 0.08800000697374344 0.07800000160932541 0.06800000369548798 0.08000000566244125 
1,0.14400000870227814 0.05000000074505806 0.1420000046491623 0.10600000619888306 0.030000001192092896 0.0860000029206276 0.14600001275539398 0.10000000149011612 0.0820000022649765 0.11400000751018524 
1,0.09600000083446503 0.04400000348687172 0.13600000739097595 0.0860000029206276 0.05000000074505806 0.20400001108646393 0.15600000321865082 0.06599999964237213 0.09800000488758087 0.06400000303983688 
1,0.052000001072883606 0.06599999964237213 0.058000002056360245 0.15000000596046448 0.03400000184774399 0.18400001525878906 0.22800001502037048 0.0820000022649765 0.06000000238418579 0.0860000029206276 
1,0.07800000160932541 0.02200000174343586 0.06400000303983688 0.052000001072883606 0.16200000047683716 0.2939999997615814 0.11400000751018524 0.058000002056360245 0.07400000095367432 0.0820000022649765 
1,0.036000002175569534 0.052000001072883606 0.04200000315904617 0.06800000369548798 0.1300000101327896 0.3160000145435333 0.09400000423192978 0.058000002056360245 0.13199999928474426 0.07200000435113907 
1,0.23134328424930573 0.04477611929178238 0.16417910158634186 0.08955223858356476 0.03731343150138855 0.03731343150138855 0.09701492637395859 0.15671642124652863 0.03731343150138855 0.10447760671377182 
1,0.1340000033378601 0.03400000184774399 0.06400000303983688 0.07000000029802322 0.1900000125169754 0.164000004529953 0.08400000631809235 0.07600000500679016 0.12600000202655792 0.058000002056360245 
1,0.005988024175167084 0.071856290102005 0.015968063846230507 0.27744510769844055 0.02195608802139759 0.10379241406917572 0.3013972043991089 0.04790419340133667 0.07784431427717209 0.0758483037352562 
1,0.25200000405311584 0.018000001087784767 0.11600000411272049 0.07000000029802322 0.052000001072883606 0.0820000022649765 0.09800000488758087 0.07200000435113907 0.1860000044107437 0.05400000140070915 
1,0.09800000488758087 0.07200000435113907 0.06400000303983688 0.0860000029206276 0.12200000882148743 0.19600000977516174 0.11600000411272049 0.08000000566244125 0.08800000697374344 0.07800000160932541 
1,0.03557312488555908 0.07905139029026031 0.03162055462598801 0.10671937465667725 0.03557312488555908 0.07114624977111816 0.11067193746566772 0.25296443700790405 0.07509882003068924 0.20158103108406067 
1,0.10400000214576721 0.052000001072883606 0.11400000751018524 0.10200000554323196 0.07400000095367432 0.11800000816583633 0.1120000034570694 0.10000000149011612 0.14000000059604645 0.08400000631809235 
1,0.1940000057220459 0.024000000208616257 0.14000000059604645 0.06800000369548798 0.03200000151991844 0.10600000619888306 0.09400000423192978 0.1420000046491623 0.08000000566244125 0.12000000476837158 
1,0.03400000184774399 0.0820000022649765 0.030000001192092896 0.20400001108646393 0.04800000041723251 0.164000004529953 0.26600000262260437 0.04000000283122063 0.0860000029206276 0.046000003814697266 
1,0.18000000715255737 0.04000000283122063 0.1680000126361847 0.07800000160932541 0.0860000029206276 0.12600000202655792 0.12600000202655792 0.04200000315904617 0.09400000423192978 0.06000000238418579 
1,0.1910112351179123 0.07865168899297714 0.11797752976417542 0.12359550595283508 0.08988764137029648 0.11235955357551575 0.10112359374761581 0.07303370535373688 0.0 0.11235955357551575 
1,0.1800553947687149 0.05540166050195694 0.23822714388370514 0.07479224354028702 0.05263157933950424 0.06648199260234833 0.0969529077410698 0.06925207376480103 0.0941828191280365 0.07202215492725372 
1,0.19200000166893005 0.20600001513957977 0.03800000250339508 0.0820000022649765 0.046000003814697266 0.06000000238418579 0.18400001525878906 0.07600000500679016 0.03800000250339508 0.07800000160932541 
1,0.0860000029206276 0.05400000140070915 0.1080000028014183 0.11600000411272049 0.058000002056360245 0.11000000685453415 0.12200000882148743 0.1080000028014183 0.10000000149011612 0.1380000114440918 
0,0.1900000125169754 0.02800000086426735 0.07600000500679016 0.07600000500679016 0.12200000882148743 0.21000000834465027 0.09200000762939453 0.07400000095367432 0.04800000041723251 0.08400000631809235 
0,0.25 0.07400000095367432 0.17400000989437103 0.11800000816583633 0.04200000315904617 0.05000000074505806 0.11800000816583633 0.04200000315904617 0.08800000697374344 0.04400000348687172 
0,0.20200000703334808 0.024000000208616257 0.0560000017285347 0.06000000238418579 0.10600000619888306 0.24800001084804535 0.1080000028014183 0.06200000271201134 0.06800000369548798 0.06599999964237213 
0,0.058000002056360245 0.05000000074505806 0.08000000566244125 0.09600000083446503 0.036000002175569534 0.13199999928474426 0.10200000554323196 0.10400000214576721 0.21800000965595245 0.12400000542402267 
0,0.09000000357627869 0.06000000238418579 0.06200000271201134 0.13600000739097595 0.04200000315904617 0.29600000381469727 0.1940000057220459 0.052000001072883606 0.024000000208616257 0.04400000348687172 
0,0.2432432472705841 0.022522523999214172 0.2477477490901947 0.04954954981803894 0.04054054245352745 0.09909909963607788 0.0810810849070549 0.04954954981803894 0.09459459781646729 0.07207207381725311 
0,0.3146292567253113 0.018036073073744774 0.2885771691799164 0.07815631479024887 0.034068137407302856 0.05010019987821579 0.07815631479024887 0.05410821735858917 0.032064128667116165 0.05210420861840248 
0,0.07400000095367432 0.05000000074505806 0.08400000631809235 0.12800000607967377 0.03400000184774399 0.07800000160932541 0.10200000554323196 0.15000000596046448 0.15600000321865082 0.14400000870227814 
0,0.12375249713659286 0.045908182859420776 0.057884231209754944 0.08582834154367447 0.08383233845233917 0.16766467690467834 0.12175648659467697 0.057884231209754944 0.15568862855434418 0.09980040043592453 
0,0.2200000137090683 0.03800000250339508 0.15600000321865082 0.0860000029206276 0.06200000271201134 0.11800000816583633 0.09400000423192978 0.07800000160932541 0.0860000029206276 0.06200000271201134 
0,0.32586559653282166 0.026476580649614334 0.18737271428108215 0.06109979748725891 0.05091650038957596 0.09572301805019379 0.08961303532123566 0.04276986047625542 0.08757638186216354 0.032586559653282166 
0,0.14239482581615448 0.051779936999082565 0.14886732399463654 0.11326861381530762 0.1326860934495926 0.10355987399816513 0.10355987399816513 0.07119741290807724 0.04530744627118111 0.08737864345312119 
0,0.012000000104308128 0.11400000751018524 0.014000000432133675 0.17800000309944153 0.04400000348687172 0.11800000816583633 0.26200002431869507 0.1120000034570694 0.036000002175569534 0.11000000685453415 
0,0.20800000429153442 0.06599999964237213 0.2580000162124634 0.09800000488758087 0.05400000140070915 0.07800000160932541 0.11000000685453415 0.04400000348687172 0.04200000315904617 0.04200000315904617 
0,0.020000001415610313 0.0860000029206276 0.012000000104308128 0.20800000429153442 0.12800000607967377 0.1120000034570694 0.23600001633167267 0.10200000554323196 0.004000000189989805 0.09200000762939453 
0,0.04800000041723251 0.14800000190734863 0.01600000075995922 0.0860000029206276 0.11400000751018524 0.1860000044107437 0.17400000989437103 0.07600000500679016 0.04000000283122063 0.1120000034570694 
