3,0.004000000189989805 0.07000000029802322 0.012000000104308128 0.09400000423192978 0.058000002056360245 0.23400001227855682 0.1340000033378601 0.12400000542402267 0.15200001001358032 0.11800000816583633 
3,0.18200001120567322 0.04400000348687172 0.18800000846385956 0.0860000029206276 0.07400000095367432 0.11400000751018524 0.0820000022649765 0.05400000140070915 0.11000000685453415 0.06599999964237213 
4,0.0 0.06586826592683792 0.0 0.011976048350334167 0.06387225538492203 0.0019960079807788134 0.015968063846230507 0.269461065530777 0.27944111824035645 0.2914171516895294 
4,0.013972056098282337 0.0379241518676281 0.0379241518676281 0.15369261801242828 0.027944112196564674 0.4111776351928711 0.1477045863866806 0.027944112196564674 0.113772451877594 0.027944112196564674 
4,0.018000001087784767 0.07800000160932541 0.026000000536441803 0.07400000095367432 0.08400000631809235 0.25600001215934753 0.17400000989437103 0.07200000435113907 0.13600000739097595 0.0820000022649765 
4,0.19200000166893005 0.058000002056360245 0.11000000685453415 0.09200000762939453 0.08800000697374344 0.13600000739097595 0.09400000423192978 0.07800000160932541 0.06800000369548798 0.08400000631809235 
4,0.23600001633167267 0.05000000074505806 0.03400000184774399 0.1300000101327896 0.05000000074505806 0.10400000214576721 0.15800000727176666 0.09200000762939453 0.07000000029802322 0.07600000500679016 
4,0.14000000059604645 0.05400000140070915 0.09000000357627869 0.12600000202655792 0.04400000348687172 0.1420000046491623 0.12600000202655792 0.09400000423192978 0.0820000022649765 0.10200000554323196 
4,0.006000000052154064 0.08400000631809235 0.08400000631809235 0.1940000057220459 0.03200000151991844 0.1900000125169754 0.23600001633167267 0.03800000250339508 0.0860000029206276 0.05000000074505806 
4,0.024000000208616257 0.08000000566244125 0.026000000536441803 0.15600000321865082 0.04000000283122063 0.22800001502037048 0.21400001645088196 0.09000000357627869 0.0560000017285347 0.0860000029206276 
4,0.046000003814697266 0.164000004529953 0.05400000140070915 0.17800000309944153 0.1080000028014183 0.12000000476837158 0.20000000298023224 0.046000003814697266 0.024000000208616257 0.06000000238418579 
4,0.03200000151991844 0.12600000202655792 0.010000000707805157 0.13600000739097595 0.02800000086426735 0.08800000697374344 0.3020000159740448 0.09200000762939453 0.06800000369548798 0.11800000816583633 
4,0.0 0.04790419340133667 0.003992015961557627 0.27345308661460876 0.007984031923115253 0.16766467690467834 0.4171656668186188 0.02994011901319027 0.009980039671063423 0.041916169226169586 
4,0.1803278625011444 0.049180325120687485 0.20218577980995178 0.07923497259616852 0.049180325120687485 0.06284152716398239 0.14480873942375183 0.07923497259616852 0.049180325120687485 0.10382513701915741 
4,0.03800000250339508 0.04800000041723251 0.04800000041723251 0.1680000126361847 0.006000000052154064 0.024000000208616257 0.1860000044107437 0.23800000548362732 0.02800000086426735 0.2160000056028366 
4,0.1300000101327896 0.04000000283122063 0.23000000417232513 0.06800000369548798 0.030000001192092896 0.08000000566244125 0.0860000029206276 0.03400000184774399 0.2540000081062317 0.04800000041723251 
4,0.018000001087784767 0.0560000017285347 0.036000002175569534 0.07600000500679016 0.014000000432133675 0.07600000500679016 0.09400000423192978 0.03800000250339508 0.5420000553131104 0.05000000074505806 
4,0.020000001415610313 0.046000003814697266 0.02200000174343586 0.12800000607967377 0.07600000500679016 0.2240000069141388 0.1600000113248825 0.01600000075995922 0.2720000147819519 0.036000002175569534 
4,0.1420000046491623 0.05000000074505806 0.14000000059604645 0.10200000554323196 0.046000003814697266 0.13600000739097595 0.13600000739097595 0.06000000238418579 0.12800000607967377 0.06000000238418579 
4,0.0020000000949949026 0.10200000554323196 0.006000000052154064 0.058000002056360245 0.030000001192092896 0.04800000041723251 0.058000002056360245 0.1120000034570694 0.4020000100135803 0.18200001120567322 
4,0.010000000707805157 0.07600000500679016 0.026000000536441803 0.14600001275539398 0.1120000034570694 0.20400001108646393 0.1340000033378601 0.0860000029206276 0.08400000631809235 0.12200000882148743 
4,0.00800000037997961 0.16200000047683716 0.04000000283122063 0.21800000965595245 0.03800000250339508 0.09400000423192978 0.2840000092983246 0.07000000029802322 0.01600000075995922 0.07000000029802322 
4,0.030000001192092896 0.07200000435113907 0.1600000113248825 0.09600000083446503 0.11000000685453415 0.1080000028014183 0.11400000751018524 0.10000000149011612 0.12400000542402267 0.0860000029206276 
4,0.05400000140070915 0.06200000271201134 0.09800000488758087 0.1080000028014183 0.07600000500679016 0.1380000114440918 0.15400001406669617 0.09400000423192978 0.1300000101327896 0.0860000029206276 
4,0.0 0.01600000075995922 0.0 0.2840000092983246 0.0020000000949949026 0.16200000047683716 0.5160000324249268 0.004000000189989805 0.012000000104308128 0.004000000189989805 
4,0.1420000046491623 0.024000000208616257 0.1120000034570694 0.08000000566244125 0.07200000435113907 0.1600000113248825 0.09200000762939453 0.11400000751018524 0.09200000762939453 0.1120000034570694 
4,0.0820000022649765 0.07600000500679016 0.05400000140070915 0.12200000882148743 0.07400000095367432 0.0860000029206276 0.10000000149011612 0.11600000411272049 0.16600000858306885 0.12400000542402267 
4,0.10000000149011612 0.06800000369548798 0.11800000816583633 0.09400000423192978 0.07600000500679016 0.2160000056028366 0.10600000619888306 0.08000000566244125 0.06599999964237213 0.07600000500679016 
4,0.2900000214576721 0.11800000816583633 0.03400000184774399 0.10000000149011612 0.05000000074505806 0.05000000074505806 0.15800000727176666 0.06400000303983688 0.020000001415610313 0.11600000411272049 
7,0.0020000000949949026 0.09800000488758087 0.014000000432133675 0.1120000034570694 0.08000000566244125 0.1720000058412552 0.1720000058412552 0.12600000202655792 0.07000000029802322 0.15400001406669617 
7,0.07600000500679016 0.018000001087784767 0.12200000882148743 0.1120000034570694 0.05000000074505806 0.12800000607967377 0.15000000596046448 0.11800000816583633 0.1120000034570694 0.11400000751018524 
7,0.071856290102005 0.10379241406917572 0.08782435208559036 0.1117764487862587 0.045908182859420776 0.09580838680267334 0.11976047605276108 0.12175648659467697 0.10578842461109161 0.13572853803634644 
7,0.08183632791042328 0.06187624856829643 0.02994011901319027 0.113772451877594 0.05588822439312935 0.17564870417118073 0.1497005969285965 0.12175648659467697 0.08582834154367447 0.12375249713659286 
7,0.06400000303983688 0.07800000160932541 0.03400000184774399 0.18200001120567322 0.03800000250339508 0.12000000476837158 0.242000013589859 0.0820000022649765 0.07000000029802322 0.09000000357627869 
7,0.08800000697374344 0.06599999964237213 0.018000001087784767 0.1380000114440918 0.04000000283122063 0.11600000411272049 0.14800000190734863 0.11800000816583633 0.1380000114440918 0.1300000101327896 
7,0.024000000208616257 0.1300000101327896 0.004000000189989805 0.0860000029206276 0.04200000315904617 0.20200000703334808 0.1720000058412552 0.10400000214576721 0.08400000631809235 0.15200001001358032 
7,0.018000001087784767 0.12800000607967377 0.004000000189989805 0.08400000631809235 0.052000001072883606 0.1980000138282776 0.18400001525878906 0.11600000411272049 0.07400000095367432 0.1420000046491623 
7,0.20200000703334808 0.05400000140070915 0.12600000202655792 0.09000000357627869 0.030000001192092896 0.08000000566244125 0.12000000476837158 0.1080000028014183 0.06800000369548798 0.12200000882148743 
7,0.03400000184774399 0.08800000697374344 0.058000002056360245 0.1380000114440918 0.1080000028014183 0.164000004529953 0.20400001108646393 0.06599999964237213 0.06000000238418579 0.08000000566244125 
7,0.07200000435113907 0.09600000083446503 0.07200000435113907 0.12800000607967377 0.06200000271201134 0.18000000715255737 0.17600001394748688 0.05000000074505806 0.11800000816583633 0.046000003814697266 
7,0.1120000034570694 0.06200000271201134 0.1380000114440918 0.10600000619888306 0.06000000238418579 0.1080000028014183 0.11000000685453415 0.07800000160932541 0.14000000059604645 0.0860000029206276 
7,0.06400000303983688 0.04800000041723251 0.08400000631809235 0.16200000047683716 0.1120000034570694 0.15400001406669617 0.17600001394748688 0.07000000029802322 0.05400000140070915 0.07600000500679016 
7,0.058000002056360245 0.024000000208616257 0.06599999964237213 0.11600000411272049 0.058000002056360245 0.2580000162124634 0.17800000309944153 0.07200000435113907 0.10000000149011612 0.07000000029802322 
7,0.0738522931933403 0.027944112196564674 0.05988023802638054 0.06986027956008911 0.12375249713659286 0.31936126947402954 0.11976047605276108 0.06586826592683792 0.08582834154367447 0.053892213851213455 
7,0.13600000739097595 0.05400000140070915 0.17400000989437103 0.0820000022649765 0.036000002175569534 0.07800000160932541 0.12400000542402267 0.09000000357627869 0.11800000816583633 0.1080000028014183 
7,0.09400000423192978 0.07800000160932541 0.09800000488758087 0.09600000083446503 0.07400000095367432 0.16200000047683716 0.14400000870227814 0.08400000631809235 0.07400000095367432 0.09600000083446503 
7,0.006000000052154064 0.02200000174343586 0.0020000000949949026 0.08000000566244125 0.14600001275539398 0.1720000058412552 0.11800000816583633 0.11400000751018524 0.18000000715255737 0.1600000113248825 
7,0.20200000703334808 0.058000002056360245 0.15400001406669617 0.07800000160932541 0.04200000315904617 0.11000000685453415 0.13600000739097595 0.07400000095367432 0.08400000631809235 0.06200000271201134 
7,0.07400000095367432 0.046000003814697266 0.11600000411272049 0.1120000034570694 0.0820000022649765 0.22600001096725464 0.14600001275539398 0.058000002056360245 0.07200000435113907 0.06800000369548798 
7,0.0020000000949949026 0.06200000271201134 0.0 0.17400000989437103 0.0820000022649765 0.24400001764297485 0.22600001096725464 0.07600000500679016 0.05400000140070915 0.08000000566244125 
7,0.0 0.071856290102005 0.0 0.11776447296142578 0.11576846241950989 0.1876247525215149 0.15968063473701477 0.07984031736850739 0.1477045863866806 0.11976047605276108 
7,0.1300000101327896 0.06800000369548798 0.1300000101327896 0.1340000033378601 0.04200000315904617 0.09200000762939453 0.18200001120567322 0.08400000631809235 0.06200000271201134 0.07600000500679016 
7,0.10000000149011612 0.05000000074505806 0.13600000739097595 0.1300000101327896 0.03400000184774399 0.08400000631809235 0.11800000816583633 0.10000000149011612 0.164000004529953 0.08400000631809235 
7,0.018000001087784767 0.04200000315904617 0.024000000208616257 0.15600000321865082 0.02800000086426735 0.03400000184774399 0.1600000113248825 0.22800001502037048 0.06400000303983688 0.2460000067949295 
7,0.08800000697374344 0.04800000041723251 0.10200000554323196 0.15800000727176666 0.04000000283122063 0.10600000619888306 0.28600001335144043 0.06200000271201134 0.06000000238418579 0.05000000074505806 
7,0.10600000619888306 0.07200000435113907 0.10200000554323196 0.12400000542402267 0.09600000083446503 0.08800000697374344 0.1940000057220459 0.08000000566244125 0.046000003814697266 0.09200000762939453 
7,0.015968063846230507 0.06586826592683792 0.007984031923115253 0.12574850022792816 0.12574850022792816 0.23353293538093567 0.16566866636276245 0.08383233845233917 0.04391217604279518 0.13173653185367584 
7,0.08383233845233917 0.05988023802638054 0.14371258020401 0.10179640352725983 0.04790419340133667 0.16966067254543304 0.10379241406917572 0.04790419340133667 0.15968063473701477 0.08183632791042328 
7,0.04000000283122063 0.07000000029802322 0.052000001072883606 0.1720000058412552 0.04000000283122063 0.20000000298023224 0.25200000405311584 0.058000002056360245 0.046000003814697266 0.07000000029802322 
5,0.03200000151991844 0.04000000283122063 0.012000000104308128 0.06599999964237213 0.09000000357627869 0.3460000157356262 0.10000000149011612 0.02800000086426735 0.242000013589859 0.04400000348687172 
5,0.03400000184774399 0.06800000369548798 0.018000001087784767 0.2540000081062317 0.03200000151991844 0.08800000697374344 0.328000009059906 0.06000000238418579 0.058000002056360245 0.06000000238418579 
5,0.09800000488758087 0.03400000184774399 0.09400000423192978 0.12800000607967377 0.07200000435113907 0.11400000751018524 0.1300000101327896 0.10400000214576721 0.1120000034570694 0.11400000751018524 
5,0.2594810426235199 0.0019960079807788134 0.2674650549888611 0.04790419340133667 0.045908182859420776 0.09780438989400864 0.04391217604279518 0.053892213851213455 0.13772454857826233 0.04391217604279518 
