0,0.03400000184774399 0.07200000435113907 0.04200000315904617 0.15800000727176666 0.08400000631809235 0.19200000166893005 0.15000000596046448 0.1080000028014183 0.05000000074505806 0.11000000685453415 
0,0.1735357940196991 0.026030369102954865 0.1561822146177292 0.06941431760787964 0.0954446867108345 0.16702820360660553 0.04989153891801834 0.07375271618366241 0.12364425510168076 0.06507591903209686 
0,0.14600001275539398 0.024000000208616257 0.1380000114440918 0.10600000619888306 0.04000000283122063 0.10200000554323196 0.10000000149011612 0.09600000083446503 0.15600000321865082 0.09200000762939453 
0,0.04800000041723251 0.07000000029802322 0.07600000500679016 0.11800000816583633 0.04000000283122063 0.11000000685453415 0.21400001645088196 0.09600000083446503 0.12600000202655792 0.10200000554323196 
0,0.3066037893295288 0.05188679322600365 0.15094339847564697 0.1037735864520073 0.028301887214183807 0.08490566164255142 0.06603773683309555 0.06132075563073158 0.08490566164255142 0.06132075563073158 
0,0.0820000022649765 0.08800000697374344 0.06000000238418579 0.17600001394748688 0.024000000208616257 0.09600000083446503 0.18000000715255737 0.1120000034570694 0.08800000697374344 0.09400000423192978 
0,0.1357758641242981 0.02801724150776863 0.13146550953388214 0.11637931317090988 0.05387930944561958 0.15301723778247833 0.10344827175140381 0.07543103396892548 0.11637931317090988 0.08620689809322357 
0,0.09400000423192978 0.0560000017285347 0.1080000028014183 0.10200000554323196 0.12600000202655792 0.15800000727176666 0.16200000047683716 0.06000000238418579 0.07000000029802322 0.06400000303983688 
0,0.3333333432674408 0.05017921328544617 0.301075279712677 0.0716845840215683 0.025089606642723083 0.05017921328544617 0.10035842657089233 0.02867383509874344 0.01433691754937172 0.025089606642723083 
0,0.18000000715255737 0.036000002175569534 0.13600000739097595 0.09200000762939453 0.024000000208616257 0.07600000500679016 0.09400000423192978 0.11000000685453415 0.11400000751018524 0.1380000114440918 
0,0.08400000631809235 0.04200000315904617 0.11000000685453415 0.11800000816583633 0.030000001192092896 0.0820000022649765 0.1340000033378601 0.1120000034570694 0.1600000113248825 0.12800000607967377 
0,0.03400000184774399 0.1120000034570694 0.09600000083446503 0.10200000554323196 0.10000000149011612 0.1940000057220459 0.14600001275539398 0.0560000017285347 0.11400000751018524 0.046000003814697266 
0,0.07400000095367432 0.09400000423192978 0.046000003814697266 0.1420000046491623 0.12000000476837158 0.1900000125169754 0.20800000429153442 0.04200000315904617 0.04400000348687172 0.04000000283122063 
0,0.0860000029206276 0.06200000271201134 0.164000004529953 0.13199999928474426 0.018000001087784767 0.05000000074505806 0.1680000126361847 0.09600000083446503 0.11400000751018524 0.11000000685453415 
8,0.11400000751018524 0.05000000074505806 0.18000000715255737 0.11000000685453415 0.02200000174343586 0.018000001087784767 0.1080000028014183 0.14800000190734863 0.09400000423192978 0.15600000321865082 
8,0.10000000149011612 0.07600000500679016 0.04200000315904617 0.18400001525878906 0.05400000140070915 0.1080000028014183 0.1940000057220459 0.08800000697374344 0.06400000303983688 0.09000000357627869 
8,0.04000000283122063 0.09800000488758087 0.024000000208616257 0.12600000202655792 0.12800000607967377 0.14400000870227814 0.2160000056028366 0.058000002056360245 0.10600000619888306 0.06000000238418579 
8,0.1080000028014183 0.04400000348687172 0.06200000271201134 0.07600000500679016 0.06200000271201134 0.1720000058412552 0.1420000046491623 0.08400000631809235 0.12800000607967377 0.12200000882148743 
8,0.06200000271201134 0.07600000500679016 0.09000000357627869 0.12200000882148743 0.06200000271201134 0.164000004529953 0.2120000123977661 0.0820000022649765 0.058000002056360245 0.07200000435113907 
8,0.11600000411272049 0.05400000140070915 0.1300000101327896 0.09400000423192978 0.10200000554323196 0.17000000178813934 0.12600000202655792 0.07200000435113907 0.07000000029802322 0.06599999964237213 
8,0.20000000298023224 0.04000000283122063 0.12600000202655792 0.09200000762939453 0.0820000022649765 0.16600000858306885 0.11800000816583633 0.046000003814697266 0.07200000435113907 0.058000002056360245 
8,0.15611813962459564 0.03375527262687683 0.17299577593803406 0.09704640507698059 0.025316454470157623 0.05485231801867485 0.12658226490020752 0.07594936341047287 0.16033753752708435 0.09704640507698059 
8,0.03200000151991844 0.04000000283122063 0.012000000104308128 0.06599999964237213 0.09000000357627869 0.3460000157356262 0.10000000149011612 0.02800000086426735 0.242000013589859 0.04400000348687172 
8,0.2460000067949295 0.02200000174343586 0.2160000056028366 0.07800000160932541 0.02200000174343586 0.07000000029802322 0.0820000022649765 0.10600000619888306 0.07400000095367432 0.08400000631809235 
8,0.15200001001358032 0.02200000174343586 0.13199999928474426 0.09600000083446503 0.05000000074505806 0.09400000423192978 0.1120000034570694 0.11600000411272049 0.1120000034570694 0.11400000751018524 
8,0.014000000432133675 0.05000000074505806 0.020000001415610313 0.11600000411272049 0.07800000160932541 0.27800002694129944 0.17800000309944153 0.07400000095367432 0.11400000751018524 0.07800000160932541 
8,0.07800000160932541 0.04200000315904617 0.11000000685453415 0.0860000029206276 0.05400000140070915 0.15400001406669617 0.15400001406669617 0.12400000542402267 0.058000002056360245 0.14000000059604645 
8,0.05000000074505806 0.06400000303983688 0.06599999964237213 0.15800000727176666 0.052000001072883606 0.13600000739097595 0.17600001394748688 0.10400000214576721 0.09200000762939453 0.10200000554323196 
8,0.1420000046491623 0.06200000271201134 0.07800000160932541 0.10600000619888306 0.05000000074505806 0.15800000727176666 0.12200000882148743 0.0860000029206276 0.10000000149011612 0.09600000083446503 
8,0.03800000250339508 0.07400000095367432 0.08400000631809235 0.23600001633167267 0.030000001192092896 0.12000000476837158 0.34800001978874207 0.02800000086426735 0.012000000104308128 0.030000001192092896 
8,0.02800000086426735 0.09600000083446503 0.036000002175569534 0.11400000751018524 0.10600000619888306 0.13600000739097595 0.1600000113248825 0.058000002056360245 0.16600000858306885 0.10000000149011612 
8,0.003992015961557627 0.11776447296142578 0.0019960079807788134 0.1497005969285965 0.08183632791042328 0.04790419340133667 0.20159681141376495 0.15568862855434418 0.045908182859420776 0.19361276924610138 
8,0.05000000074505806 0.04000000283122063 0.07200000435113907 0.11600000411272049 0.08400000631809235 0.164000004529953 0.164000004529953 0.10600000619888306 0.0860000029206276 0.11800000816583633 
8,0.046000003814697266 0.06599999964237213 0.010000000707805157 0.0860000029206276 0.012000000104308128 0.07200000435113907 0.09200000762939453 0.1720000058412552 0.2639999985694885 0.18000000715255737 
8,0.007984031923115253 0.08782435208559036 0.003992015961557627 0.15768462419509888 0.07984031736850739 0.10379241406917572 0.1836327314376831 0.12175648659467697 0.10578842461109161 0.1477045863866806 
8,0.03393213450908661 0.053892213851213455 0.04790419340133667 0.13173653185367584 0.13972055912017822 0.16566866636276245 0.12574850022792816 0.10578842461109161 0.06387225538492203 0.13173653185367584 
8,0.18000000715255737 0.13199999928474426 0.10600000619888306 0.12800000607967377 0.01600000075995922 0.036000002175569534 0.1900000125169754 0.0820000022649765 0.03400000184774399 0.09600000083446503 
8,0.14000000059604645 0.020000001415610313 0.14400000870227814 0.03200000151991844 0.09600000083446503 0.1340000033378601 0.036000002175569534 0.10600000619888306 0.18200001120567322 0.11000000685453415 
8,0.1600000113248825 0.09200000762939453 0.07600000500679016 0.10000000149011612 0.10400000214576721 0.20000000298023224 0.1120000034570694 0.05000000074505806 0.05000000074505806 0.0560000017285347 
8,0.04800000041723251 0.046000003814697266 0.046000003814697266 0.09800000488758087 0.09800000488758087 0.1340000033378601 0.15400001406669617 0.10600000619888306 0.12600000202655792 0.14400000870227814 
8,0.0560000017285347 0.04400000348687172 0.0860000029206276 0.09400000423192978 0.09000000357627869 0.20600001513957977 0.10400000214576721 0.07200000435113907 0.17400000989437103 0.07400000095367432 
8,0.00800000037997961 0.10600000619888306 0.02200000174343586 0.17000000178813934 0.04200000315904617 0.22200001776218414 0.24400001764297485 0.06400000303983688 0.03800000250339508 0.08400000631809235 
8,0.0560000017285347 0.06200000271201134 0.00800000037997961 0.11000000685453415 0.03200000151991844 0.07200000435113907 0.14400000870227814 0.20200000703334808 0.1380000114440918 0.17600001394748688 
8,0.030000001192092896 0.08800000697374344 0.046000003814697266 0.1600000113248825 0.03200000151991844 0.13600000739097595 0.19200000166893005 0.11000000685453415 0.07200000435113907 0.1340000033378601 
8,0.1860000044107437 0.026000000536441803 0.11800000816583633 0.08000000566244125 0.04800000041723251 0.06000000238418579 0.07600000500679016 0.16200000047683716 0.1080000028014183 0.13600000739097595 
8,0.04400000348687172 0.1420000046491623 0.018000001087784767 0.15600000321865082 0.02200000174343586 0.0560000017285347 0.2160000056028366 0.15000000596046448 0.04800000041723251 0.14800000190734863 
8,0.026000000536441803 0.03800000250339508 0.03400000184774399 0.22200001776218414 0.030000001192092896 0.1340000033378601 0.23800000548362732 0.08400000631809235 0.09800000488758087 0.09600000083446503 
6,0.05000000074505806 0.05000000074505806 0.06800000369548798 0.12400000542402267 0.08800000697374344 0.10000000149011612 0.10000000149011612 0.15000000596046448 0.1380000114440918 0.13199999928474426 
6,0.09600000083446503 0.05400000140070915 0.11400000751018524 0.12400000542402267 0.06000000238418579 0.10200000554323196 0.11400000751018524 0.11000000685453415 0.1300000101327896 0.09600000083446503 
6,0.0820000022649765 0.10400000214576721 0.11000000685453415 0.1720000058412552 0.046000003814697266 0.03800000250339508 0.18800000846385956 0.10000000149011612 0.0560000017285347 0.10400000214576721 
6,0.10000000149011612 0.03200000151991844 0.014000000432133675 0.026000000536441803 0.018000001087784767 0.0560000017285347 0.04200000315904617 0.09800000488758087 0.5160000324249268 0.09800000488758087 
6,0.00800000037997961 0.03800000250339508 0.012000000104308128 0.0560000017285347 0.07400000095367432 0.14000000059604645 0.04400000348687172 0.07000000029802322 0.49000000953674316 0.06800000369548798 
6,0.010000000707805157 0.02200000174343586 0.006000000052154064 0.0860000029206276 0.05000000074505806 0.21000000834465027 0.09600000083446503 0.02800000086426735 0.45000001788139343 0.04200000315904617 
6,0.16352200508117676 0.03773584961891174 0.15723270177841187 0.1446540802717209 0.056603770703077316 0.044025156646966934 0.2704402506351471 0.044025156646966934 0.031446538865566254 0.050314463675022125 
6,0.16260161995887756 0.1036585345864296 0.1869918704032898 0.0630081295967102 0.04674796760082245 0.010162601247429848 0.060975607484579086 0.1361788511276245 0.0934959352016449 0.1361788511276245 
6,0.16200000047683716 0.06800000369548798 0.12000000476837158 0.17800000309944153 0.04000000283122063 0.07600000500679016 0.2240000069141388 0.04400000348687172 0.018000001087784767 0.07000000029802322 
6,0.14000000059604645 0.052000001072883606 0.11400000751018524 0.12200000882148743 0.10000000149011612 0.16200000047683716 0.09600000083446503 0.06400000303983688 0.07000000029802322 0.08000000566244125 
6,0.226457417011261 0.035874441266059875 0.1636771410703659 0.09417040646076202 0.022421525791287422 0.04932735860347748 0.08968610316514969 0.11210762709379196 0.10986547917127609 0.09641256183385849 
2,0.0560000017285347 0.1120000034570694 0.052000001072883606 0.18200001120567322 0.026000000536441803 0.058000002056360245 0.17800000309944153 0.1120000034570694 0.07000000029802322 0.15400001406669617 
2,0.08695651590824127 0.09839816391468048 0.1235697865486145 0.1350114345550537 0.03203660994768143 0.07780320197343826 0.18306635320186615 0.10297482460737228 0.027459952980279922 0.1327231079339981 
2,0.13600000739097595 0.04000000283122063 0.12800000607967377 0.11400000751018524 0.03400000184774399 0.0820000022649765 0.11600000411272049 0.11400000751018524 0.12600000202655792 0.11000000685453415 
2,0.14400000870227814 0.03800000250339508 0.21000000834465027 0.11600000411272049 0.03400000184774399 0.0860000029206276 0.15200001001358032 0.07200000435113907 0.08400000631809235 0.06400000303983688 
2,0.10000000149011612 0.06599999964237213 0.004000000189989805 0.026000000536441803 0.1420000046491623 0.16200000047683716 0.05000000074505806 0.1380000114440918 0.12200000882148743 0.1900000125169754 
